Seturi mici -
1.) 
p cnf 3 5
1 2 0
-1 3 0
-2 -3 0
-1 -2 0
1 -3 0



2.)
p cnf 3 5
1 0
-1 0
2 0
-2 0
1 -1 0



3.)
p cnf 3 5
1 -2 0
-1 2 0
-1 3 0
2 -3 0
1 2 -3 0





4.)


c Set 1 - 7 variabile, 15 clauze
p cnf 7 15
1 -3 4 0
-1 2 3 0
-2 -4 5 0
3 -5 6 0
-1 -6 7 0
2 4 -7 0
-3 5 -6 0
1 -2 7 0
-4 6 -7 0
3 -5 1 0
-2 7 -1 0
4 -3 6 0
-5 2 -7 0
6 -1 3 0
-7 5 -2 0





5.)
c Set 2 - 7 variabile, 15 clauze (contradicție)
p cnf 7 15
1 2 0
-1 0
2 3 0
-2 0
3 4 0
-3 0
4 5 0
-4 0
5 6 0
-5 0
6 7 0
-6 0
7 1 0
-7 0
1 -1 0
2 -2 0




6.) c Set 3 - 7 variabile, 15 clauze
p cnf 7 15
1 -2 3 0
-1 4 -5 0
2 -3 6 0
-4 7 0
5 -6 0
-7 1 0
2 -5 0
-3 4 0
6 -1 0
-2 7 0
3 -4 0
-6 5 0
7 -1 0
-5 2 0
4 -7 0





7.)
c Set 1 - 10 variabile, 30 clauze (conflicte subtile)
p cnf 10 30
1 -2 3 0
-1 2 -3 0
4 5 -6 0
-4 -5 6 0
7 8 9 0
-7 -8 -9 0
1 -4 7 0
-1 4 -7 0
2 5 -8 0
-2 -5 8 0
3 6 -9 0
-3 -6 9 0
1 10 0
-1 -10 0
2 9 0
-2 -9 0
3 8 0
-3 -8 0
4 7 0
-4 -7 0
5 6 0
-5 -6 0
1 -5 0
-1 5 0
2 -6 0
-2 6 0
3 -7 0
-3 7 0
8 -9 0
-8 9 0
10 -1 0





8.)

c Set 3 - 10 variabile, 30 clauze
p cnf 10 30
1 -2 3 0
-1 2 -3 0
4 -5 6 0
-4 5 -6 0
7 8 -9 0
-7 -8 9 0
10 1 -4 0
-10 -1 4 0
2 -7 5 0
-2 7 -5 0
3 6 -8 0
-3 -6 8 0
1 9 10 0
-1 -9 -10 0
4 -2 7 0
-4 2 -7 0
5 3 -1 0
-5 -3 1 0
6 8 -10 0
-6 -8 10 0
7 1 -5 0
-7 -1 5 0
8 2 -6 0
-8 -2 6 0
9 3 -4 0
-9 -3 4 0
10 5 -7 0
-10 -5 7 0
1 -8 9 0
-1 8 -9 0
2 -10 6 0




9.)

c 
p cnf 10 30
1 2 -3 0
-1 -2 3 0
4 5 -6 0
-4 -5 6 0
7 -8 9 0
-7 8 -9 0
1 -4 7 0
-1 4 -7 0
2 5 -8 0
-2 -5 8 0












Seturi mediii

1.) 


p cnf 20 50
1 -2 3 0
4 5 -6 0
-1 -4 7 0
2 -3 -8 0
6 -5 9 0
-7 8 -10 0
11 -9 12 0
-6 13 -14 0
10 -12 15 0
-13 14 16 0
17 -11 -15 0
-2 -16 18 0
-17 3 -19 0
20 -10 4 0
-18 -8 7 0
5 19 -20 0
-14 -1 6 0
8 12 -17 0
15 -3 13 0
-9 11 -16 0
-7 2 -6 0
10 -20 18 0
-5 16 -4 0
1 -13 19 0
-15 17 3 0
-12 7 14 0
-18 20 -8 0
-10 -1 -2 0
6 9 -11 0
-3 -5 -13 0
15 -16 12 0
17 -19 4 0
-6 10 14 0
-7 -8 1 0
-11 13 -12 0
19 2 -18 0
-20 -3 5 0
-4 6 -15 0
16 8 -14 0
-17 -10 9 0
11 -19 -13 0
7 12 -16 0
-1 18 -6 0
3 -2 -9 0
-5 -8 10 0
14 -4 -11 0
-7 -20 17 0
15 -1 -12 0
-13 19 -16 0
2 -14 -18 0




2.)  p cnf 20 50
-1 -2 4 0
2 3 -5 0
-4 -5 6 0
1 -6 -7 0
-3 5 -8 0
7 -9 10 0
-1 9 11 0
2 -10 -12 0
-11 -13 14 0
3 -6 15 0
-2 13 -16 0
5 -14 -17 0
-7 -8 18 0
9 -15 -19 0
10 -16 20 0
-4 17 -18 0
11 12 -19 0
6 -13 20 0
-3 -14 -15 0
1 -17 18 0
-5 7 19 0
-2 8 -20 0
10 16 -17 0
-6 13 14 0
-9 -11 -12 0
3 4 15 0
-1 -10 16 0
2 5 -13 0
-7 8 -14 0
9 11 17 0
-3 -6 -18 0
4 -8 -19 0
12 -15 -20 0
-10 13 -14 0
-2 6 7 0
-1 -9 15 0
5 16 -17 0
-12 -18 -19 0
3 10 20 0
-4 8 -11 0
13 14 -16 0
-5 -6 -7 0
9 -12 15 0
-8 17 18 0
2 11 -19 0
-10 -13 20 0
1 3 -14 0
-9 -15 -16 0
6 -17 18 0
7 -19 -20 0




3.) p cnf 20 50
-4 6 -15 0
-1 -10 19 0
3 -4 -13 0
2 5 -12 0
-6 -8 -14 0
7 -1 -3 0
9 11 -20 0
-5 -17 13 0
-18 -2 14 0
8 -16 12 0
-9 3 15 0
-7 -11 10 0
6 -13 19 0
-16 -20 -1 0
2 8 12 0
-3 -5 7 0
10 18 -4 0
-6 -14 9 0
-12 17 -15 0
-8 11 -2 0
13 1 -18 0
-10 -19 -16 0
3 -6 4 0
-7 -17 20 0
5 -8 9 0
-11 -13 1 0
-2 14 -3 0
-4 -15 16 0
6 -12 -18 0
7 -10 -5 0
-14 -1 -9 0
11 13 -6 0
2 -19 4 0
-7 -8 -20 0
-3 -16 17 0
5 -10 12 0
-15 14 -11 0
9 -13 -18 0
-1 -2 -17 0
6 8 16 0
-4 -5 -19 0
3 7 -12 0
-6 -14 -10 0
-9 13 15 0
-11 -3 -16 0
1 18 4 0
-7 2 -8 0
-17 -5 19 0
-20 -12 6 0
-14 -15 10 0

3 6 -9 0
-3 -6 9 0
1 10 -5 0
-1 -10 5 0
2 9 -7 0
-2 -9 7 0
3 8 -6 0
-3 -8 6 0
4 7 -10 0
-4 -7 10 0
5 -1 8 0
-5 1 -8 0
6 -2 9 0
-6 2 -9 0
7 3 -4 0
-7 -3 4 0
8 10 -1 0
-8 -10 1 0
9 -5 2 0
-9 5 -2 0
10 -6 3 0







4.) 


p cnf 25 60
1 2 3 0
-1 -2 4 0
-3 5 6 0
-4 -5 7 0
8 9 10 0
-8 -9 11 0
-10 12 13 0
-11 -12 14 0
15 16 17 0
-15 -16 18 0
-17 19 20 0
-18 -19 21 0
22 23 24 0
-22 -23 25 0
-24 1 2 0
-25 -1 3 0
4 -4 5 0
-6 6 -7 0
7 -7 8 0
9 10 -9 0
-10 11 -11 0
12 -12 13 0
-13 14 -14 0
15 -15 16 0
-16 17 -17 0
18 19 -18 0
-19 20 -20 0
21 22 -21 0
-22 23 -23 0
24 25 -24 0
-25 1 -1 0
2 3 -2 0
-3 4 -4 0
5 6 -5 0
-6 7 -7 0
8 9 -8 0
-9 10 -10 0
11 12 -11 0
-12 13 -13 0
14 15 -14 0
-15 16 -16 0
17 18 -17 0
-18 19 -19 0
20 21 -20 0
-21 22 -22 0
23 24 -23 0
-24 25 -25 0
1 -2 3 0
-4 5 -6 0
7 -8 9 0
-10 11 -12 0
13 -14 15 0
-16 17 -18 0
19 -20 21 0
-22 23 -24 0
25 -1 2 0



Seturi de date mari 


Gasite - https://www.cs.ubc.ca/~hoos/SATLIB/benchm.html



1.CBS_k3_n100_m403_b10_996.cnf
2.uf125-089.cnf
3.uf150-075.cnf
4.uuf175-080.cnf
5.uuf200-097.cnf





